0	52	41	52	37	47	67	14	75	27	23	
52	0	69	46	42	90	31	43	69	38	50	
41	69	0	34	76	28	65	54	45	30	21	
52	46	34	0	72	62	32	56	25	24	31	
37	42	76	72	0	84	70	22	97	50	55	
47	90	28	62	84	0	91	61	72	51	39	
67	31	65	32	70	91	0	64	45	43	54	
14	43	54	56	22	61	64	0	81	31	33	
75	69	45	25	97	72	45	81	0	49	52	
27	38	30	24	50	51	43	31	49	0	12	
23	50	21	31	55	39	54	33	52	12	0	