0	31	36	25	68	98	81	61	116	52	74	
31	0	10	14	37	68	67	32	91	27	76	
36	10	0	13	34	61	57	24	82	17	68	
25	14	13	0	47	74	60	37	91	26	63	
68	37	34	47	0	35	68	17	68	30	94	
98	68	61	74	35	0	63	37	39	48	99	
81	67	57	60	68	63	0	50	50	43	40	
61	32	24	37	17	37	50	0	60	13	76	
116	91	82	91	68	39	50	60	0	65	90	
52	27	17	26	30	48	43	13	65	0	63	
74	76	68	63	94	99	40	76	90	63	0	