0	9	9	43	23	57	87	67	72	48	25	
9	0	18	52	29	63	92	68	70	57	22	
9	18	0	35	18	51	81	66	74	39	31	
43	52	35	0	24	22	51	57	74	10	66	
23	29	18	24	0	34	64	50	60	32	48	
57	63	51	22	34	0	30	40	60	31	82	
87	92	81	51	64	30	0	45	66	57	112	
67	68	66	57	50	40	45	0	21	68	91	
72	70	74	74	60	60	66	21	0	84	92	
48	57	39	10	32	31	57	68	84	0	68	
25	22	31	66	48	82	112	91	92	68	0	