0	23	22	50	39	38	42	47	27	45	9	
23	0	36	55	21	37	65	70	6	66	16	
22	36	0	71	41	60	45	42	42	56	29	
50	55	71	0	76	19	61	75	53	46	46	
39	21	41	76	0	58	81	82	23	85	35	
38	37	60	19	58	0	62	74	34	52	31	
42	65	45	61	81	62	0	15	69	19	50	
47	70	42	75	82	74	15	0	75	34	56	
27	6	42	53	23	34	69	75	0	68	19	
45	66	56	46	85	52	19	34	68	0	50	
9	16	29	46	35	31	50	56	19	50	0	