0	71	31	23	79	56	30	92	61	57	27	
71	0	59	95	52	59	44	22	55	67	71	
31	59	0	49	87	72	19	76	75	76	53	
23	95	49	0	97	72	53	116	78	69	38	
79	52	87	97	0	27	68	68	20	33	60	
56	59	72	72	27	0	55	80	7	8	34	
30	44	19	53	68	55	0	63	56	59	43	
92	22	76	116	68	80	63	0	75	89	94	
61	55	75	78	20	7	56	75	0	15	40	
57	67	76	69	33	8	59	89	15	0	31	
27	71	53	38	60	34	43	94	40	31	0	
