0	52	56	36	31	32	55	49	55	47	6	
52	0	14	38	83	33	51	29	63	77	46	
56	14	0	50	84	45	65	43	76	88	51	
36	38	50	0	65	6	20	16	27	40	30	
31	83	84	65	0	62	82	80	77	59	38	
32	33	45	6	62	0	27	17	33	43	26	
55	51	65	20	82	27	0	22	14	39	50	
49	29	43	16	80	17	22	0	35	54	43	
55	63	76	27	77	33	14	35	0	27	51	
47	77	88	40	59	43	39	54	27	0	47	
6	46	51	30	38	26	50	43	51	47	0	