0	96	75	59	40	31	41	57	65	88	85	
96	0	23	42	69	65	60	42	85	16	12	
75	23	0	32	45	47	45	29	63	13	18	
59	42	32	0	48	28	18	4	77	42	30	
40	69	45	48	0	30	42	44	31	56	61	
31	65	47	28	30	0	13	26	62	60	54	
41	60	45	18	42	13	0	18	73	57	48	
57	42	29	4	44	26	18	0	73	41	30	
65	85	63	77	31	62	73	73	0	69	81	
88	16	13	42	56	60	57	41	69	0	19	
85	12	18	30	61	54	48	30	81	19	0	