0	65	38	98	39	67	99	46	28	73	92	
65	0	28	93	73	25	49	31	61	49	31	
38	28	0	98	59	30	72	12	44	59	58	
98	93	98	0	62	117	69	110	70	44	86	
39	73	59	62	0	87	87	71	14	52	88	
67	25	30	117	87	0	72	22	74	74	52	
99	49	72	69	87	72	0	79	82	36	22	
46	31	12	110	71	22	79	0	56	70	62	
28	61	44	70	14	74	82	56	0	50	80	
73	49	59	44	52	74	36	70	50	0	45	
92	31	58	86	88	52	22	62	80	45	0	